{
 "cells": [
  {
   "cell_type": "code",
   "execution_count": 1,
   "metadata": {},
   "outputs": [],
   "source": [
    "#sorting rows and columns"
   ]
  },
  {
   "cell_type": "code",
   "execution_count": 2,
   "metadata": {},
   "outputs": [],
   "source": [
    "import pandas as pd\n",
    "import numpy as np"
   ]
  },
  {
   "cell_type": "code",
   "execution_count": 3,
   "metadata": {},
   "outputs": [],
   "source": [
    "dict2 = { \n",
    "  'w': 2.5,\n",
    "  'x': pd.Series(3.5, index=list(range(1000)), dtype='float'),\n",
    "  'y': np.random.randn(1000),\n",
    "  'z': np.random.randn(1000),\n",
    "}\n",
    "df = pd.DataFrame(dict2)"
   ]
  },
  {
   "cell_type": "code",
   "execution_count": 5,
   "metadata": {},
   "outputs": [
    {
     "data": {
      "text/html": [
       "<div>\n",
       "<style scoped>\n",
       "    .dataframe tbody tr th:only-of-type {\n",
       "        vertical-align: middle;\n",
       "    }\n",
       "\n",
       "    .dataframe tbody tr th {\n",
       "        vertical-align: top;\n",
       "    }\n",
       "\n",
       "    .dataframe thead th {\n",
       "        text-align: right;\n",
       "    }\n",
       "</style>\n",
       "<table border=\"1\" class=\"dataframe\">\n",
       "  <thead>\n",
       "    <tr style=\"text-align: right;\">\n",
       "      <th></th>\n",
       "      <th>w</th>\n",
       "      <th>x</th>\n",
       "      <th>y</th>\n",
       "      <th>z</th>\n",
       "    </tr>\n",
       "  </thead>\n",
       "  <tbody>\n",
       "    <tr>\n",
       "      <th>0</th>\n",
       "      <td>2.5</td>\n",
       "      <td>3.5</td>\n",
       "      <td>0.036950</td>\n",
       "      <td>2.809298</td>\n",
       "    </tr>\n",
       "    <tr>\n",
       "      <th>1</th>\n",
       "      <td>2.5</td>\n",
       "      <td>3.5</td>\n",
       "      <td>0.314221</td>\n",
       "      <td>-0.654647</td>\n",
       "    </tr>\n",
       "    <tr>\n",
       "      <th>2</th>\n",
       "      <td>2.5</td>\n",
       "      <td>3.5</td>\n",
       "      <td>0.616208</td>\n",
       "      <td>-0.501143</td>\n",
       "    </tr>\n",
       "    <tr>\n",
       "      <th>3</th>\n",
       "      <td>2.5</td>\n",
       "      <td>3.5</td>\n",
       "      <td>1.223874</td>\n",
       "      <td>1.237927</td>\n",
       "    </tr>\n",
       "    <tr>\n",
       "      <th>4</th>\n",
       "      <td>2.5</td>\n",
       "      <td>3.5</td>\n",
       "      <td>-1.010759</td>\n",
       "      <td>-0.595805</td>\n",
       "    </tr>\n",
       "    <tr>\n",
       "      <th>...</th>\n",
       "      <td>...</td>\n",
       "      <td>...</td>\n",
       "      <td>...</td>\n",
       "      <td>...</td>\n",
       "    </tr>\n",
       "    <tr>\n",
       "      <th>995</th>\n",
       "      <td>2.5</td>\n",
       "      <td>3.5</td>\n",
       "      <td>-0.384593</td>\n",
       "      <td>0.123261</td>\n",
       "    </tr>\n",
       "    <tr>\n",
       "      <th>996</th>\n",
       "      <td>2.5</td>\n",
       "      <td>3.5</td>\n",
       "      <td>-0.296033</td>\n",
       "      <td>2.374352</td>\n",
       "    </tr>\n",
       "    <tr>\n",
       "      <th>997</th>\n",
       "      <td>2.5</td>\n",
       "      <td>3.5</td>\n",
       "      <td>-0.975179</td>\n",
       "      <td>-1.148808</td>\n",
       "    </tr>\n",
       "    <tr>\n",
       "      <th>998</th>\n",
       "      <td>2.5</td>\n",
       "      <td>3.5</td>\n",
       "      <td>0.013085</td>\n",
       "      <td>0.704383</td>\n",
       "    </tr>\n",
       "    <tr>\n",
       "      <th>999</th>\n",
       "      <td>2.5</td>\n",
       "      <td>3.5</td>\n",
       "      <td>-1.428075</td>\n",
       "      <td>0.435791</td>\n",
       "    </tr>\n",
       "  </tbody>\n",
       "</table>\n",
       "<p>1000 rows × 4 columns</p>\n",
       "</div>"
      ],
      "text/plain": [
       "       w    x         y         z\n",
       "0    2.5  3.5  0.036950  2.809298\n",
       "1    2.5  3.5  0.314221 -0.654647\n",
       "2    2.5  3.5  0.616208 -0.501143\n",
       "3    2.5  3.5  1.223874  1.237927\n",
       "4    2.5  3.5 -1.010759 -0.595805\n",
       "..   ...  ...       ...       ...\n",
       "995  2.5  3.5 -0.384593  0.123261\n",
       "996  2.5  3.5 -0.296033  2.374352\n",
       "997  2.5  3.5 -0.975179 -1.148808\n",
       "998  2.5  3.5  0.013085  0.704383\n",
       "999  2.5  3.5 -1.428075  0.435791\n",
       "\n",
       "[1000 rows x 4 columns]"
      ]
     },
     "execution_count": 5,
     "metadata": {},
     "output_type": "execute_result"
    }
   ],
   "source": [
    "df"
   ]
  },
  {
   "cell_type": "code",
   "execution_count": 6,
   "metadata": {},
   "outputs": [
    {
     "data": {
      "text/html": [
       "<div>\n",
       "<style scoped>\n",
       "    .dataframe tbody tr th:only-of-type {\n",
       "        vertical-align: middle;\n",
       "    }\n",
       "\n",
       "    .dataframe tbody tr th {\n",
       "        vertical-align: top;\n",
       "    }\n",
       "\n",
       "    .dataframe thead th {\n",
       "        text-align: right;\n",
       "    }\n",
       "</style>\n",
       "<table border=\"1\" class=\"dataframe\">\n",
       "  <thead>\n",
       "    <tr style=\"text-align: right;\">\n",
       "      <th></th>\n",
       "      <th>w</th>\n",
       "      <th>x</th>\n",
       "      <th>y</th>\n",
       "      <th>z</th>\n",
       "    </tr>\n",
       "  </thead>\n",
       "  <tbody>\n",
       "    <tr>\n",
       "      <th>999</th>\n",
       "      <td>2.5</td>\n",
       "      <td>3.5</td>\n",
       "      <td>-1.428075</td>\n",
       "      <td>0.435791</td>\n",
       "    </tr>\n",
       "    <tr>\n",
       "      <th>998</th>\n",
       "      <td>2.5</td>\n",
       "      <td>3.5</td>\n",
       "      <td>0.013085</td>\n",
       "      <td>0.704383</td>\n",
       "    </tr>\n",
       "    <tr>\n",
       "      <th>997</th>\n",
       "      <td>2.5</td>\n",
       "      <td>3.5</td>\n",
       "      <td>-0.975179</td>\n",
       "      <td>-1.148808</td>\n",
       "    </tr>\n",
       "    <tr>\n",
       "      <th>996</th>\n",
       "      <td>2.5</td>\n",
       "      <td>3.5</td>\n",
       "      <td>-0.296033</td>\n",
       "      <td>2.374352</td>\n",
       "    </tr>\n",
       "    <tr>\n",
       "      <th>995</th>\n",
       "      <td>2.5</td>\n",
       "      <td>3.5</td>\n",
       "      <td>-0.384593</td>\n",
       "      <td>0.123261</td>\n",
       "    </tr>\n",
       "    <tr>\n",
       "      <th>...</th>\n",
       "      <td>...</td>\n",
       "      <td>...</td>\n",
       "      <td>...</td>\n",
       "      <td>...</td>\n",
       "    </tr>\n",
       "    <tr>\n",
       "      <th>4</th>\n",
       "      <td>2.5</td>\n",
       "      <td>3.5</td>\n",
       "      <td>-1.010759</td>\n",
       "      <td>-0.595805</td>\n",
       "    </tr>\n",
       "    <tr>\n",
       "      <th>3</th>\n",
       "      <td>2.5</td>\n",
       "      <td>3.5</td>\n",
       "      <td>1.223874</td>\n",
       "      <td>1.237927</td>\n",
       "    </tr>\n",
       "    <tr>\n",
       "      <th>2</th>\n",
       "      <td>2.5</td>\n",
       "      <td>3.5</td>\n",
       "      <td>0.616208</td>\n",
       "      <td>-0.501143</td>\n",
       "    </tr>\n",
       "    <tr>\n",
       "      <th>1</th>\n",
       "      <td>2.5</td>\n",
       "      <td>3.5</td>\n",
       "      <td>0.314221</td>\n",
       "      <td>-0.654647</td>\n",
       "    </tr>\n",
       "    <tr>\n",
       "      <th>0</th>\n",
       "      <td>2.5</td>\n",
       "      <td>3.5</td>\n",
       "      <td>0.036950</td>\n",
       "      <td>2.809298</td>\n",
       "    </tr>\n",
       "  </tbody>\n",
       "</table>\n",
       "<p>1000 rows × 4 columns</p>\n",
       "</div>"
      ],
      "text/plain": [
       "       w    x         y         z\n",
       "999  2.5  3.5 -1.428075  0.435791\n",
       "998  2.5  3.5  0.013085  0.704383\n",
       "997  2.5  3.5 -0.975179 -1.148808\n",
       "996  2.5  3.5 -0.296033  2.374352\n",
       "995  2.5  3.5 -0.384593  0.123261\n",
       "..   ...  ...       ...       ...\n",
       "4    2.5  3.5 -1.010759 -0.595805\n",
       "3    2.5  3.5  1.223874  1.237927\n",
       "2    2.5  3.5  0.616208 -0.501143\n",
       "1    2.5  3.5  0.314221 -0.654647\n",
       "0    2.5  3.5  0.036950  2.809298\n",
       "\n",
       "[1000 rows x 4 columns]"
      ]
     },
     "execution_count": 6,
     "metadata": {},
     "output_type": "execute_result"
    }
   ],
   "source": [
    "#axis = 0 -> based on rows\n",
    "#sort index -> either columns or indexes (rows)\n",
    "df.sort_index(axis=0, ascending=False)"
   ]
  },
  {
   "cell_type": "code",
   "execution_count": 7,
   "metadata": {},
   "outputs": [
    {
     "data": {
      "text/html": [
       "<div>\n",
       "<style scoped>\n",
       "    .dataframe tbody tr th:only-of-type {\n",
       "        vertical-align: middle;\n",
       "    }\n",
       "\n",
       "    .dataframe tbody tr th {\n",
       "        vertical-align: top;\n",
       "    }\n",
       "\n",
       "    .dataframe thead th {\n",
       "        text-align: right;\n",
       "    }\n",
       "</style>\n",
       "<table border=\"1\" class=\"dataframe\">\n",
       "  <thead>\n",
       "    <tr style=\"text-align: right;\">\n",
       "      <th></th>\n",
       "      <th>z</th>\n",
       "      <th>y</th>\n",
       "      <th>x</th>\n",
       "      <th>w</th>\n",
       "    </tr>\n",
       "  </thead>\n",
       "  <tbody>\n",
       "    <tr>\n",
       "      <th>0</th>\n",
       "      <td>2.809298</td>\n",
       "      <td>0.036950</td>\n",
       "      <td>3.5</td>\n",
       "      <td>2.5</td>\n",
       "    </tr>\n",
       "    <tr>\n",
       "      <th>1</th>\n",
       "      <td>-0.654647</td>\n",
       "      <td>0.314221</td>\n",
       "      <td>3.5</td>\n",
       "      <td>2.5</td>\n",
       "    </tr>\n",
       "    <tr>\n",
       "      <th>2</th>\n",
       "      <td>-0.501143</td>\n",
       "      <td>0.616208</td>\n",
       "      <td>3.5</td>\n",
       "      <td>2.5</td>\n",
       "    </tr>\n",
       "    <tr>\n",
       "      <th>3</th>\n",
       "      <td>1.237927</td>\n",
       "      <td>1.223874</td>\n",
       "      <td>3.5</td>\n",
       "      <td>2.5</td>\n",
       "    </tr>\n",
       "    <tr>\n",
       "      <th>4</th>\n",
       "      <td>-0.595805</td>\n",
       "      <td>-1.010759</td>\n",
       "      <td>3.5</td>\n",
       "      <td>2.5</td>\n",
       "    </tr>\n",
       "    <tr>\n",
       "      <th>...</th>\n",
       "      <td>...</td>\n",
       "      <td>...</td>\n",
       "      <td>...</td>\n",
       "      <td>...</td>\n",
       "    </tr>\n",
       "    <tr>\n",
       "      <th>995</th>\n",
       "      <td>0.123261</td>\n",
       "      <td>-0.384593</td>\n",
       "      <td>3.5</td>\n",
       "      <td>2.5</td>\n",
       "    </tr>\n",
       "    <tr>\n",
       "      <th>996</th>\n",
       "      <td>2.374352</td>\n",
       "      <td>-0.296033</td>\n",
       "      <td>3.5</td>\n",
       "      <td>2.5</td>\n",
       "    </tr>\n",
       "    <tr>\n",
       "      <th>997</th>\n",
       "      <td>-1.148808</td>\n",
       "      <td>-0.975179</td>\n",
       "      <td>3.5</td>\n",
       "      <td>2.5</td>\n",
       "    </tr>\n",
       "    <tr>\n",
       "      <th>998</th>\n",
       "      <td>0.704383</td>\n",
       "      <td>0.013085</td>\n",
       "      <td>3.5</td>\n",
       "      <td>2.5</td>\n",
       "    </tr>\n",
       "    <tr>\n",
       "      <th>999</th>\n",
       "      <td>0.435791</td>\n",
       "      <td>-1.428075</td>\n",
       "      <td>3.5</td>\n",
       "      <td>2.5</td>\n",
       "    </tr>\n",
       "  </tbody>\n",
       "</table>\n",
       "<p>1000 rows × 4 columns</p>\n",
       "</div>"
      ],
      "text/plain": [
       "            z         y    x    w\n",
       "0    2.809298  0.036950  3.5  2.5\n",
       "1   -0.654647  0.314221  3.5  2.5\n",
       "2   -0.501143  0.616208  3.5  2.5\n",
       "3    1.237927  1.223874  3.5  2.5\n",
       "4   -0.595805 -1.010759  3.5  2.5\n",
       "..        ...       ...  ...  ...\n",
       "995  0.123261 -0.384593  3.5  2.5\n",
       "996  2.374352 -0.296033  3.5  2.5\n",
       "997 -1.148808 -0.975179  3.5  2.5\n",
       "998  0.704383  0.013085  3.5  2.5\n",
       "999  0.435791 -1.428075  3.5  2.5\n",
       "\n",
       "[1000 rows x 4 columns]"
      ]
     },
     "execution_count": 7,
     "metadata": {},
     "output_type": "execute_result"
    }
   ],
   "source": [
    "df.sort_index(axis=1, ascending=False)"
   ]
  },
  {
   "cell_type": "code",
   "execution_count": 11,
   "metadata": {},
   "outputs": [
    {
     "data": {
      "text/html": [
       "<div>\n",
       "<style scoped>\n",
       "    .dataframe tbody tr th:only-of-type {\n",
       "        vertical-align: middle;\n",
       "    }\n",
       "\n",
       "    .dataframe tbody tr th {\n",
       "        vertical-align: top;\n",
       "    }\n",
       "\n",
       "    .dataframe thead th {\n",
       "        text-align: right;\n",
       "    }\n",
       "</style>\n",
       "<table border=\"1\" class=\"dataframe\">\n",
       "  <thead>\n",
       "    <tr style=\"text-align: right;\">\n",
       "      <th></th>\n",
       "      <th>w</th>\n",
       "      <th>x</th>\n",
       "      <th>y</th>\n",
       "      <th>z</th>\n",
       "    </tr>\n",
       "  </thead>\n",
       "  <tbody>\n",
       "    <tr>\n",
       "      <th>940</th>\n",
       "      <td>2.5</td>\n",
       "      <td>3.5</td>\n",
       "      <td>-2.210460</td>\n",
       "      <td>3.023692</td>\n",
       "    </tr>\n",
       "    <tr>\n",
       "      <th>0</th>\n",
       "      <td>2.5</td>\n",
       "      <td>3.5</td>\n",
       "      <td>0.036950</td>\n",
       "      <td>2.809298</td>\n",
       "    </tr>\n",
       "    <tr>\n",
       "      <th>227</th>\n",
       "      <td>2.5</td>\n",
       "      <td>3.5</td>\n",
       "      <td>-0.193046</td>\n",
       "      <td>2.770225</td>\n",
       "    </tr>\n",
       "    <tr>\n",
       "      <th>14</th>\n",
       "      <td>2.5</td>\n",
       "      <td>3.5</td>\n",
       "      <td>0.992742</td>\n",
       "      <td>2.753897</td>\n",
       "    </tr>\n",
       "    <tr>\n",
       "      <th>279</th>\n",
       "      <td>2.5</td>\n",
       "      <td>3.5</td>\n",
       "      <td>0.866251</td>\n",
       "      <td>2.708021</td>\n",
       "    </tr>\n",
       "    <tr>\n",
       "      <th>...</th>\n",
       "      <td>...</td>\n",
       "      <td>...</td>\n",
       "      <td>...</td>\n",
       "      <td>...</td>\n",
       "    </tr>\n",
       "    <tr>\n",
       "      <th>724</th>\n",
       "      <td>2.5</td>\n",
       "      <td>3.5</td>\n",
       "      <td>-2.458340</td>\n",
       "      <td>-2.619056</td>\n",
       "    </tr>\n",
       "    <tr>\n",
       "      <th>975</th>\n",
       "      <td>2.5</td>\n",
       "      <td>3.5</td>\n",
       "      <td>-1.386440</td>\n",
       "      <td>-2.660763</td>\n",
       "    </tr>\n",
       "    <tr>\n",
       "      <th>334</th>\n",
       "      <td>2.5</td>\n",
       "      <td>3.5</td>\n",
       "      <td>-0.174171</td>\n",
       "      <td>-2.776952</td>\n",
       "    </tr>\n",
       "    <tr>\n",
       "      <th>150</th>\n",
       "      <td>2.5</td>\n",
       "      <td>3.5</td>\n",
       "      <td>-0.937077</td>\n",
       "      <td>-3.380183</td>\n",
       "    </tr>\n",
       "    <tr>\n",
       "      <th>925</th>\n",
       "      <td>2.5</td>\n",
       "      <td>3.5</td>\n",
       "      <td>0.379030</td>\n",
       "      <td>-3.645659</td>\n",
       "    </tr>\n",
       "  </tbody>\n",
       "</table>\n",
       "<p>1000 rows × 4 columns</p>\n",
       "</div>"
      ],
      "text/plain": [
       "       w    x         y         z\n",
       "940  2.5  3.5 -2.210460  3.023692\n",
       "0    2.5  3.5  0.036950  2.809298\n",
       "227  2.5  3.5 -0.193046  2.770225\n",
       "14   2.5  3.5  0.992742  2.753897\n",
       "279  2.5  3.5  0.866251  2.708021\n",
       "..   ...  ...       ...       ...\n",
       "724  2.5  3.5 -2.458340 -2.619056\n",
       "975  2.5  3.5 -1.386440 -2.660763\n",
       "334  2.5  3.5 -0.174171 -2.776952\n",
       "150  2.5  3.5 -0.937077 -3.380183\n",
       "925  2.5  3.5  0.379030 -3.645659\n",
       "\n",
       "[1000 rows x 4 columns]"
      ]
     },
     "execution_count": 11,
     "metadata": {},
     "output_type": "execute_result"
    }
   ],
   "source": [
    "#sort by values \n",
    "df.sort_values(by=['z','y'], ascending=False)"
   ]
  },
  {
   "cell_type": "code",
   "execution_count": 13,
   "metadata": {},
   "outputs": [
    {
     "data": {
      "text/html": [
       "<div>\n",
       "<style scoped>\n",
       "    .dataframe tbody tr th:only-of-type {\n",
       "        vertical-align: middle;\n",
       "    }\n",
       "\n",
       "    .dataframe tbody tr th {\n",
       "        vertical-align: top;\n",
       "    }\n",
       "\n",
       "    .dataframe thead th {\n",
       "        text-align: right;\n",
       "    }\n",
       "</style>\n",
       "<table border=\"1\" class=\"dataframe\">\n",
       "  <thead>\n",
       "    <tr style=\"text-align: right;\">\n",
       "      <th></th>\n",
       "      <th>w</th>\n",
       "      <th>x</th>\n",
       "      <th>y</th>\n",
       "      <th>z</th>\n",
       "    </tr>\n",
       "  </thead>\n",
       "  <tbody>\n",
       "    <tr>\n",
       "      <th>940</th>\n",
       "      <td>2.5</td>\n",
       "      <td>3.5</td>\n",
       "      <td>-2.210460</td>\n",
       "      <td>3.023692</td>\n",
       "    </tr>\n",
       "    <tr>\n",
       "      <th>0</th>\n",
       "      <td>2.5</td>\n",
       "      <td>3.5</td>\n",
       "      <td>0.036950</td>\n",
       "      <td>2.809298</td>\n",
       "    </tr>\n",
       "    <tr>\n",
       "      <th>227</th>\n",
       "      <td>2.5</td>\n",
       "      <td>3.5</td>\n",
       "      <td>-0.193046</td>\n",
       "      <td>2.770225</td>\n",
       "    </tr>\n",
       "    <tr>\n",
       "      <th>14</th>\n",
       "      <td>2.5</td>\n",
       "      <td>3.5</td>\n",
       "      <td>0.992742</td>\n",
       "      <td>2.753897</td>\n",
       "    </tr>\n",
       "    <tr>\n",
       "      <th>279</th>\n",
       "      <td>2.5</td>\n",
       "      <td>3.5</td>\n",
       "      <td>0.866251</td>\n",
       "      <td>2.708021</td>\n",
       "    </tr>\n",
       "    <tr>\n",
       "      <th>...</th>\n",
       "      <td>...</td>\n",
       "      <td>...</td>\n",
       "      <td>...</td>\n",
       "      <td>...</td>\n",
       "    </tr>\n",
       "    <tr>\n",
       "      <th>724</th>\n",
       "      <td>2.5</td>\n",
       "      <td>3.5</td>\n",
       "      <td>-2.458340</td>\n",
       "      <td>-2.619056</td>\n",
       "    </tr>\n",
       "    <tr>\n",
       "      <th>975</th>\n",
       "      <td>2.5</td>\n",
       "      <td>3.5</td>\n",
       "      <td>-1.386440</td>\n",
       "      <td>-2.660763</td>\n",
       "    </tr>\n",
       "    <tr>\n",
       "      <th>334</th>\n",
       "      <td>2.5</td>\n",
       "      <td>3.5</td>\n",
       "      <td>-0.174171</td>\n",
       "      <td>-2.776952</td>\n",
       "    </tr>\n",
       "    <tr>\n",
       "      <th>150</th>\n",
       "      <td>2.5</td>\n",
       "      <td>3.5</td>\n",
       "      <td>-0.937077</td>\n",
       "      <td>-3.380183</td>\n",
       "    </tr>\n",
       "    <tr>\n",
       "      <th>925</th>\n",
       "      <td>2.5</td>\n",
       "      <td>3.5</td>\n",
       "      <td>0.379030</td>\n",
       "      <td>-3.645659</td>\n",
       "    </tr>\n",
       "  </tbody>\n",
       "</table>\n",
       "<p>1000 rows × 4 columns</p>\n",
       "</div>"
      ],
      "text/plain": [
       "       w    x         y         z\n",
       "940  2.5  3.5 -2.210460  3.023692\n",
       "0    2.5  3.5  0.036950  2.809298\n",
       "227  2.5  3.5 -0.193046  2.770225\n",
       "14   2.5  3.5  0.992742  2.753897\n",
       "279  2.5  3.5  0.866251  2.708021\n",
       "..   ...  ...       ...       ...\n",
       "724  2.5  3.5 -2.458340 -2.619056\n",
       "975  2.5  3.5 -1.386440 -2.660763\n",
       "334  2.5  3.5 -0.174171 -2.776952\n",
       "150  2.5  3.5 -0.937077 -3.380183\n",
       "925  2.5  3.5  0.379030 -3.645659\n",
       "\n",
       "[1000 rows x 4 columns]"
      ]
     },
     "execution_count": 13,
     "metadata": {},
     "output_type": "execute_result"
    }
   ],
   "source": [
    "#z in descending and y as ascending\n",
    "df.sort_values(by=['z','y'], ascending=[False, True])"
   ]
  },
  {
   "cell_type": "code",
   "execution_count": null,
   "metadata": {},
   "outputs": [],
   "source": []
  }
 ],
 "metadata": {
  "kernelspec": {
   "display_name": "Python 3",
   "language": "python",
   "name": "python3"
  },
  "language_info": {
   "codemirror_mode": {
    "name": "ipython",
    "version": 3
   },
   "file_extension": ".py",
   "mimetype": "text/x-python",
   "name": "python",
   "nbconvert_exporter": "python",
   "pygments_lexer": "ipython3",
   "version": "3.8.8"
  }
 },
 "nbformat": 4,
 "nbformat_minor": 4
}
